4.92471 6.11263 6.06279 10.1496 13.2176 6.31187 0.0316952 1.06776 0.707005 -8.91471 -7.58813 -4.36233 
5.46985 5.97378 4.64927 10.1424 14.8449 5.54296 -1.4464 1.28517 -1.92051 -4.97541 -9.96383 -3.14136 
5.41014 5.77225 4.46788 9.98747 14.2394 5.56364 -1.26375 -0.215565 -2.17629 -6.94531 -9.37853 -1.53629 
5.0532 5.44708 5.3816 10.2797 12.2824 6.40951 -0.741735 -2.86838 1.45743 -10.7437 -8.24953 -1.12678 
4.92566 5.24486 5.89099 10.5231 10.4244 6.91227 0.786765 -4.99657 2.73885 -10.2887 -6.49439 -0.783024 
4.95802 5.18067 5.34639 11.0403 12.115 7.7327 0.161345 -6.43307 3.08669 -10.5506 -7.06525 -2.00582 
5.2869 4.59699 4.96401 12.6755 10.5875 6.87046 2.0412 -8.77107 0.683485 -6.84551 -9.70443 -5.51402 
5.47474 3.92014 5.3499 13.2007 8.45574 6.75795 4.02117 -9.13787 -3.43138 -3.48521 -11.0695 -6.76538 
5.22529 4.31277 5.12 12.0264 8.70721 7.96484 4.054 -12.3718 1.00403 -4.86806 -10.0845 -4.07175 
5.01735 4.78108 5.17034 10.6351 10.371 7.21647 0.491945 -7.76027 3.09713 -10.9202 -7.16992 3.57743 
5.00665 4.92633 5.75558 12.0468 10.9559 4.45942 -1.78555 -6.00937 5.87152 -5.43411 -8.06803 -3.22554 
5.28416 4.48136 5.62706 12.6358 9.03215 4.83519 0.816465 -7.45657 2.66579 -3.92821 -10.0463 -4.46262 
5.60401 3.97473 5.81897 13.0367 7.71037 5.56052 0.898645 -6.00447 -1.01844 -1.63766 -11.0448 -5.487 
5.1472 4.76203 5.74481 12.2862 9.76363 3.89857 -0.721955 -6.28557 3.65197 -5.40771 -8.11843 -2.18746 
4.95981 4.97074 6.00455 12.1044 10.4823 3.55306 -2.37773 -5.72687 4.58721 -5.52621 -6.58595 -2.02989 
5.04138 4.53583 5.22771 11.549 10.2322 6.70609 0.968415 -7.35957 3.31421 -8.74191 -8.16063 1.53676 
5.1951 4.28972 5.19077 12.1938 9.45572 6.05488 1.97852 -8.58447 0.736275 -6.78241 -8.10793 0.411977 
5.35951 4.09694 4.86608 13.2157 9.42205 5.29287 1.98863 -8.00727 -0.969055 -5.07356 -7.86643 -2.1931 
5.08108 4.6101 4.7878 11.8097 10.7073 5.67615 0.318825 -7.33537 3.63811 -7.73841 -6.571 0.873254 
5.00729 4.7559 4.9243 11.3154 11.3399 5.66534 -0.112485 -5.15557 4.11203 -7.60821 -5.74018 1.30037 
5.04138 4.53583 5.22771 11.549 10.2322 6.70609 0.968415 -7.35957 3.31421 -8.74191 -8.16063 1.53676 
5.1951 4.28972 5.19077 12.1938 9.45572 6.05488 1.97852 -8.58447 0.736275 -6.78241 -8.10793 0.411977 
5.35951 4.09694 4.86608 13.2157 9.42205 5.29287 1.98863 -8.00727 -0.969055 -5.07356 -7.86643 -2.1931 
5.08108 4.6101 4.7878 11.8097 10.7073 5.67615 0.318825 -7.33537 3.63811 -7.73841 -6.571 0.873254 
5.00729 4.7559 4.9243 11.3154 11.3399 5.66534 -0.112485 -5.15557 4.11203 -7.60821 -5.74018 1.30037 
5.24848 5.3664 2.66852 6.20004 11.935 8.18496 7.63941 13.9893 9.80391 10.5205 5.91629 7.29317 
6.01277 4.9558 1.43149 7.83131 13.2943 6.94127 6.34305 12.3667 13.8919 7.18438 2.30739 8.03231 
6.4571 4.13189 0.363781 9.0007 13.2198 6.60115 6.20207 11.5264 15.7718 7.62202 3.49284 7.9014 
5.82053 4.7257 1.34952 7.85283 13.786 7.29455 5.82489 12.4225 14.1892 8.64133 3.01146 7.9039 
5.47258 4.94839 1.69059 7.26975 14.1965 7.39237 5.15188 13.9303 12.1422 9.92854 1.97108 7.29598 
5.21564 4.6528 1.73884 6.34151 11.2288 5.74768 4.97357 10.6368 6.73403 3.13824 0.926554 5.30108 
6.05714 4.28158 0.882651 8.10986 10.6691 4.32568 6.53667 9.92625 9.25435 -0.343516 1.08305 7.41578 
6.06046 4.06528 0.920251 8.49724 10.2015 4.09461 6.96281 11.8388 10.5521 -0.703136 0.181224 7.62513 
6.69462 3.62655 0.776761 9.38728 9.74043 5.40518 5.98124 12.9555 10.4379 0.704114 0.881964 8.88143 
5.44873 4.86966 2.02715 7.10871 11.4786 5.04323 5.44718 13.1736 7.35535 3.20048 0.822714 7.77934 
5.25428 4.80222 1.62829 6.55598 13.6986 7.57186 3.11365 8.45366 7.37489 7.56386 -0.00861627 -1.04517 
6.16699 4.33751 0.800691 8.56655 13.667 7.45556 3.17082 6.33759 10.2473 5.70788 -1.06684 -2.23401 
5.93034 4.27387 1.06429 8.57674 13.3645 7.24069 3.6793 5.84498 8.39048 4.24428 -0.532596 -1.61959 
5.52474 4.58706 1.39074 7.70165 14.4366 7.86809 2.6464 4.92024 5.52528 4.63581 -0.694526 -1.54327 
5.03416 4.67011 2.35734 7.69897 14.4519 8.66245 1.9557 2.41327 3.57039 3.02292 0.948504 -0.717744 
5.2152 4.16046 3.12152 7.1759 6.9941 8.20036 9.49347 6.78301 5.90489 4.62683 8.08281 5.59661 
5.8849 3.05571 3.61657 9.51891 3.60691 10.0891 8.03062 7.72065 5.43091 7.55209 4.28192 6.46856 
5.48276 3.94532 2.93563 8.14457 7.7669 6.81731 7.28753 10.795 6.81371 3.10861 6.56784 7.9879 
6.03247 3.37145 3.39334 9.89375 4.5418 8.82301 6.48039 10.4047 6.67009 4.79978 3.45128 8.99086 
5.21048 4.49431 3.01878 7.10626 8.05247 6.36008 8.21582 10.7445 5.97823 3.06275 7.06361 7.10777 
5.27762 5.22149 3.12339 7.78195 10.2559 4.44584 5.46543 9.96981 5.85864 7.10265 6.36244 5.81709 
5.9729 5.20884 1.04818 9.68238 12.4081 3.05769 4.99286 5.07905 10.7125 1.45647 3.54995 3.98964 
5.99104 4.90472 -0.680239 10.416 12.497 2.32788 5.5508 1.44096 12.4165 -5.30616 4.20456 0.297765 
5.27794 4.56396 1.65296 7.92208 11.3373 3.67155 3.48355 6.29692 7.31226 0.938574 -0.647076 2.82676 
4.97552 4.45605 2.41832 6.98889 9.79776 4.65876 3.34773 7.05824 7.28666 0.833404 0.742604 2.2411 
3.80184 3.63235 8.23694 9.89545 27.537 9.44512 4.84867 19.9673 11.6911 11.5152 5.60335 3.24524 
3.87158 3.14829 8.55891 10.6361 27.9482 8.25523 3.67372 20.2417 12.4163 13.8599 5.6825 2.68159 
3.88328 3.11421 8.45951 10.2016 27.3424 7.40131 5.30439 21.0977 11.2097 13.0008 5.07953 6.6944 
3.81202 3.70691 7.79975 10.2241 26.1093 7.9879 8.55834 21.75 9.43289 10.3594 3.26975 9.96381 
3.7599 3.81095 7.38986 10.7342 25.1367 8.43152 9.22902 22.1871 9.65322 10.1722 2.50113 9.79234 
3.82371 4.81776 7.33166 10.2238 27.1285 10.4918 12.7053 15.4758 8.29852 9.30889 5.07891 15.2039 
3.84856 4.921 8.01495 9.91701 29.9086 11.8746 11.4378 14.2571 9.11341 13.2414 7.15033 12.7534 
3.8802 4.97767 8.21733 10.3181 30.5092 11.1141 11.4916 16.7638 11.7225 11.5492 3.26954 13.3992 
3.84373 4.8774 7.58265 10.0967 28.651 11.6383 12.1845 17.1649 10.3452 9.99679 2.33658 13.7357 
3.87622 4.91452 6.7799 11.5457 25.4881 12.9367 12.0317 17.1997 10.871 8.68195 3.44935 12.5739 
3.77189 4.38695 7.01856 6.56986 29.0216 10.8335 9.8998 17.5524 9.84957 6.86137 3.59993 10.4633 
3.88177 4.11945 7.10742 5.73004 29.6707 10.2035 9.16317 17.867 8.92386 8.59636 4.10512 12.5385 
3.91775 3.91663 7.22373 5.45898 29.6671 10.398 8.3768 18.7104 7.705 8.95973 5.59874 12.3016 
3.88958 3.93887 6.71237 5.63182 28.5003 10.9044 8.94492 19.3234 8.89845 6.86864 6.20718 10.5056 
3.85036 4.11534 6.20196 6.15937 27.6407 11.3114 9.64387 18.7557 9.92344 5.40767 7.01835 9.65009 
3.78508 4.25073 7.49168 5.7721 28.5624 10.1515 10.047 18.5635 8.09273 12.417 4.16557 9.21754 
3.85969 4.20577 7.63965 5.32891 28.7433 9.98857 9.58948 19.4999 8.47209 11.4291 3.48351 9.64143 
3.95744 4.02643 8.26011 4.84918 29.4241 10.4751 7.5695 20.2824 8.31351 10.1172 5.48482 10.4313 
3.82269 4.15199 8.11746 5.87771 28.897 10.1753 8.93106 20.0235 8.79786 10.0057 4.08833 10.1455 
3.72424 4.14412 7.9672 6.4839 28.2324 9.54575 9.42777 19.4643 9.9691 9.69139 4.1215 10.7257 
3.76939 4.44891 7.50752 4.75595 24.3643 10.524 11.6931 23.4421 14.9776 5.53477 -2.63192 3.85368 
3.8203 4.33733 7.61367 3.85476 25.2378 10.5985 11.3936 23.4608 14.5989 5.76361 -2.54567 4.58615 
3.89906 4.16601 7.79705 2.8823 25.9609 10.8984 10.5129 24.1595 13.8112 6.36037 -2.24169 4.38041 
3.84498 4.25404 7.6925 3.56417 25.0121 11.2894 10.8601 23.7058 14.5117 5.59853 -1.4127 3.3299 
3.76344 4.40471 7.8451 3.87341 24.5338 11.0439 11.5678 23.9296 14.1688 6.28869 -2.81127 2.96048 
4.46278 6.36131 8.91722 14.8433 16.1417 7.81862 3.9488 8.52417 8.93382 -2.41631 -1.96259 -1.40156 
4.79578 6.71815 9.17487 14.9998 15.3488 6.00167 2.98758 7.92537 7.42084 -2.66626 -5.71017 -2.12932 
5.18646 7.06852 9.46801 16.0521 15.2127 2.93616 1.4003 7.04693 3.73975 -0.979356 -7.2253 -1.04042 
4.6684 7.36996 10.4535 14.0754 12.2429 4.54443 1.90282 4.30614 2.90007 -3.78231 -4.64325 -2.23021 
4.35265 6.94121 10.1682 13.8157 12.3128 5.17323 1.63555 2.7503 2.28856 -3.22031 -4.40755 -3.61766 
4.345 6.18151 8.29007 14.2789 18.8292 12.4813 5.39371 6.95172 10.8788 3.33006 1.31385 -5.38281 
4.67046 6.23033 7.33147 14.021 21.479 14.7041 4.71976 5.99364 11.4888 -0.162596 0.868024 -5.68562 
4.8196 6.31906 6.9663 14.0003 23.046 16.5524 5.68856 6.32671 11.1881 -1.45581 0.530774 -4.58158 
4.6259 6.30734 7.81296 14.6862 21.1559 13.6956 4.41996 6.49223 11.5829 -0.317816 0.147854 -6.09816 
4.34697 6.32518 8.69553 14.5513 18.3796 11.9687 5.4573 7.19483 10.4184 2.16717 0.999404 -5.0406 
4.41926 6.51898 9.03168 13.7196 19.3899 10.4738 3.2183 7.89233 3.64428 -3.02641 0.489074 -6.16514 
4.63382 6.54802 8.68906 14.2565 20.5744 10.8671 1.4979 5.82629 5.77578 -1.89921 -3.24157 -9.55474 
4.68245 6.57892 8.8795 14.9481 20.0956 11.0526 1.5069 4.7252 7.66996 -0.819116 -4.47374 -10.6331 
4.59955 6.52697 9.3026 16.368 19.2699 9.26147 1.58673 4.72977 9.21552 1.08957 -7.30337 -11.4151 
4.358 6.32464 9.27406 16.0315 18.598 9.85393 3.07697 5.5081 9.43202 2.36853 -3.35822 -8.84212 
4.48488 6.4129 8.71265 14.8471 18.6302 10.1844 4.58099 7.82197 8.86244 -1.69291 0.293184 -2.34346 
4.76012 6.43009 8.43948 15.5342 20.7222 9.31112 3.56385 7.38046 7.85628 -0.775096 -4.50269 -4.21296 
5.11394 6.36265 8.20025 14.9138 25.1582 3.52187 2.91487 10.5589 -0.721295 6.1406 -11.9223 -1.09542 
4.93403 6.49045 8.56085 14.1366 23.9786 3.60949 4.27233 12.1187 -1.78695 3.07885 -12.6338 -0.703624 
4.34711 6.47679 9.48557 14.7971 17.6845 6.54108 4.46318 10.1071 4.02071 -4.13611 -2.78352 -2.6792 
4.30583 6.53973 9.66708 15.3557 17.4946 9.96881 4.44351 5.51439 7.88461 2.48025 -2.49719 -7.38929 
4.71332 6.32778 8.44282 15.8149 20.171 10.8238 3.60658 5.0742 7.16769 -1.65136 -3.7906 -7.2826 
4.8479 6.27629 8.1681 16.1361 21.2244 11.0581 2.8972 4.43552 7.67819 -0.880296 -5.60707 -8.92899 
4.67443 6.37606 9.03697 16.8317 20.0654 9.21445 2.717 5.7908 7.54729 -0.296236 -6.69252 -9.45074 
4.36551 6.52282 9.60259 15.6632 17.5002 9.77721 4.43228 6.0241 6.47981 -1.15546 -1.83835 -6.47996 
3.89713 6.49443 9.77148 13.2105 15.5393 15.6531 15.1035 15.2266 14.3609 12.1113 8.70407 9.09139 
3.92654 6.57949 9.95339 13.5122 15.9143 16.0003 15.3853 15.5091 14.6059 12.4336 9.29319 9.39194 
3.95576 6.66626 10.137 13.8062 16.2471 16.2493 15.5233 15.5408 14.6214 12.615 10.0493 9.49387 
4.03249 6.8726 10.5437 14.3782 16.7787 16.5171 15.4735 15.1835 14.1722 12.6862 11.8143 9.33697 
3.91453 6.54504 9.87633 13.3856 15.7411 15.822 15.1978 15.2382 14.2755 11.9885 8.67259 8.87588 
3.96372 6.58202 10.1976 13.9062 16.4654 14.6592 14.1817 16.6951 13.7194 10.9932 9.46656 8.45797 
3.96999 6.59414 10.2864 13.983 17.3146 15.0301 13.6731 17.1308 14.5573 12.2345 9.05143 8.69544 
4.094 6.71392 10.8057 15.7021 19.571 14.0882 11.3086 18.2439 17.2878 12.4718 9.00316 8.50463 
4.03795 6.64331 10.3053 14.7699 17.0062 14.5891 13.3749 16.1353 15.7894 11.3046 9.4604 8.63474 
3.95251 6.55742 9.91171 13.5306 15.4306 14.532 13.797 14.4348 13.5223 10.8817 9.23427 7.778 
3.97714 6.51605 10.0169 14.2544 16.1256 14.2824 13.9384 16.2255 15.1747 10.4371 8.79938 8.54532 
4.02787 6.539 10.2545 15.2256 16.8505 13.6283 13.6508 17.8115 16.551 9.32534 9.21507 9.55206 
4.15524 6.71938 10.7988 16.7727 18.1682 13.1036 12.7341 18.4522 17.2345 7.73435 10.3861 10.2077 
4.05774 6.66355 10.3498 15.1198 17.0889 14.6157 13.7362 16.3318 16.1861 11.1187 9.53449 8.80286 
3.94919 6.51082 9.86223 13.7508 15.9186 14.9595 14.1412 15.2159 14.8232 11.3099 7.96091 8.08544 
4.15891 6.69788 10.3341 15.5216 17.7644 10.3695 7.7201 12.3213 16.3348 11.0922 0.699924 2.95363 
4.6478 7.72288 12.0344 16.4009 23.859 4.15694 5.8824 12.5556 10.3259 14.7755 -10.9179 2.09819 
4.39394 7.31821 12.0453 16.2729 22.5836 5.52152 6.47771 15.012 8.98525 15.8153 -9.19123 1.90823 
4.13065 6.74199 10.6772 15.1722 19.706 8.61121 8.71009 15.2012 12.2812 14.1915 -0.984656 3.91761 
4.17188 6.75139 10.523 15.1418 18.8359 9.55209 8.79062 14.6448 13.0742 11.287 1.38502 3.73965 
3.92364 6.51791 9.7617 13.1273 15.1071 14.7037 13.8952 13.9706 13.1605 10.9966 8.5308 7.45342 
4.14177 7.1026 10.949 14.926 16.8497 15.5628 13.93 13.3479 12.1122 10.3419 10.5316 6.2756 
4.22667 7.33306 11.3708 15.4143 17.2292 15.6127 13.5264 12.3746 10.8133 9.18949 9.62168 4.58798 
4.42314 7.81318 12.2155 16.5103 18.217 16.0079 13.3659 12.3386 11.2838 9.77314 7.13332 3.40188 
3.9365 6.56552 9.81086 13.0548 14.97 14.6259 13.6915 13.4011 12.5212 10.9412 9.08335 7.24577 
