2.37256 2.11401 0.821842 3.95504 6.42303 -0.688131 -6.7653 -5.13157 -4.5407 -12.9216 -10.1495 -5.37189 
2.9177 1.97516 -0.591682 3.94784 8.05036 -1.45704 -8.2434 -4.91416 -7.16822 -8.9823 -12.5252 -4.15092 
2.85799 1.77363 -0.773073 3.79291 7.4449 -1.43636 -8.06075 -6.4149 -7.424 -10.9522 -11.9399 -2.54585 
2.50105 1.44846 0.140649 4.08511 5.48788 -0.590491 -7.53873 -9.06771 -3.79028 -14.7506 -10.8109 -2.13634 
2.37351 1.24624 0.650034 4.32857 3.62985 -0.0877305 -6.01023 -11.1959 -2.50886 -14.2956 -9.05576 -1.79258 
2.40587 1.18205 0.105436 4.84576 5.32049 0.732703 -6.63565 -12.6324 -2.16102 -14.5575 -9.62662 -3.01538 
2.73475 0.598374 -0.27694 6.48092 3.79297 -0.129539 -4.7558 -14.9704 -4.56422 -10.8524 -12.2658 -6.52358 
2.92259 -0.0784809 0.108948 7.00618 1.66122 -0.242048 -2.77583 -15.3372 -8.67909 -7.4921 -13.6309 -7.77494 
2.67314 0.314145 -0.120955 5.83184 1.91269 0.964845 -2.743 -18.5711 -4.24368 -8.87495 -12.6459 -5.08131 
2.4652 0.782463 -0.0706111 4.44059 3.57646 0.216467 -6.30505 -13.9596 -2.15058 -14.9271 -9.73129 2.56787 
2.4545 0.927705 0.514633 5.85225 4.16142 -2.54058 -8.58255 -12.2087 0.623818 -9.441 -10.6294 -4.2351 
2.73201 0.482739 0.386112 6.44124 2.23763 -2.16481 -5.98053 -13.6559 -2.58192 -7.9351 -12.6077 -5.47218 
3.05186 -0.0238878 0.578014 6.84211 0.915847 -1.43948 -5.89835 -12.2038 -6.26615 -5.64455 -13.6062 -6.49656 
2.59505 0.763413 0.503856 6.09168 2.96911 -3.10143 -7.51895 -12.4849 -1.59574 -9.4146 -10.6798 -3.19702 
2.40766 0.972117 0.763602 5.90988 3.68782 -3.44694 -9.17473 -11.9262 -0.6605 -9.5331 -9.14732 -3.03945 
2.48923 0.537213 -0.0132392 5.3544 3.43765 -0.293909 -5.82858 -13.5589 -1.9335 -12.7488 -10.722 0.527208 
2.64295 0.291099 -0.0501855 5.99921 2.6612 -0.945116 -4.81848 -14.7838 -4.51143 -10.7893 -10.6693 -0.597579 
2.80736 0.098319 -0.374874 7.02111 2.62753 -1.70713 -4.80837 -14.2066 -6.21676 -9.08045 -10.4278 -3.20266 
2.52893 0.611475 -0.453156 5.61517 3.91282 -1.32385 -6.47817 -13.5347 -1.6096 -11.7453 -9.13237 -0.136302 
2.45514 0.757281 -0.316649 5.12083 4.54541 -1.33466 -6.90948 -11.3549 -1.13568 -11.6151 -8.30155 0.290818 
2.48923 0.537213 -0.0132392 5.3544 3.43765 -0.293909 -5.82858 -13.5589 -1.9335 -12.7488 -10.722 0.527208 
2.64295 0.291099 -0.0501855 5.99921 2.6612 -0.945116 -4.81848 -14.7838 -4.51143 -10.7893 -10.6693 -0.597579 
2.80736 0.098319 -0.374874 7.02111 2.62753 -1.70713 -4.80837 -14.2066 -6.21676 -9.08045 -10.4278 -3.20266 
2.52893 0.611475 -0.453156 5.61517 3.91282 -1.32385 -6.47817 -13.5347 -1.6096 -11.7453 -9.13237 -0.136302 
2.45514 0.757281 -0.316649 5.12083 4.54541 -1.33466 -6.90948 -11.3549 -1.13568 -11.6151 -8.30155 0.290818 
2.69633 1.36778 -2.57243 0.00547841 5.14047 1.18496 0.842412 7.78995 4.5562 6.51365 3.35492 6.28361 
3.46062 0.95718 -3.80946 1.63675 6.49975 -0.0587305 -0.45395 6.16737 8.64423 3.17749 -0.253982 7.02275 
3.90495 0.133274 -4.87717 2.80614 6.42527 -0.398851 -0.594927 5.32706 10.5241 3.61513 0.93147 6.89184 
3.26838 0.727077 -3.89143 1.65827 6.99149 0.294547 -0.972107 6.22314 8.94151 4.63444 0.450084 6.89434 
2.92043 0.94977 -3.55036 1.07519 7.40198 0.392372 -1.64512 7.73098 6.89447 5.92165 -0.590296 6.28642 
2.66349 0.654177 -3.50211 0.146949 4.43428 -1.25232 -1.82343 4.43748 1.48632 -0.868655 -1.63482 4.29152 
3.50499 0.282962 -4.3583 1.9153 3.87456 -2.67432 -0.260325 3.72692 4.00664 -4.35041 -1.47832 6.40622 
3.50831 0.0666633 -4.3207 2.30268 3.40695 -2.90539 0.165814 5.6395 5.30435 -4.71003 -2.38015 6.61557 
4.14247 -0.372069 -4.46419 3.19272 2.94591 -1.59482 -0.815758 6.75616 5.19015 -3.30278 -1.67941 7.87187 
2.89658 0.871035 -3.2138 0.914153 4.68407 -1.95677 -1.34982 6.97422 2.10764 -0.80641 -1.73866 6.76978 
2.70213 0.803598 -3.61266 0.361417 6.90407 0.571866 -3.68335 2.25433 2.12718 3.55697 -2.56999 -2.05473 
3.61484 0.338886 -4.44026 2.37199 6.87243 0.455558 -3.62618 0.138255 4.99955 1.70099 -3.62821 -3.24357 
3.37819 0.275254 -4.17666 2.38218 6.57001 0.240695 -3.1177 -0.354357 3.14277 0.237388 -3.09397 -2.62915 
2.97259 0.588444 -3.85021 1.50709 7.64203 0.868091 -4.1506 -1.27909 0.277571 0.628915 -3.2559 -2.55283 
2.48201 0.671487 -2.88361 1.50441 7.6574 1.66245 -4.8413 -3.78606 -1.67732 -0.98397 -1.61287 -1.7273 
2.66305 0.161836 -2.11943 0.981338 0.19958 1.20036 2.69647 0.583674 0.657182 0.61994 5.52144 4.58705 
3.33275 -0.942906 -1.62438 3.32435 -3.18761 3.08906 1.23362 1.52132 0.183201 3.5452 1.72055 5.459 
2.93061 -0.053298 -2.30532 1.95001 0.972378 -0.182688 0.49053 4.59565 1.566 -0.89828 4.00647 6.97834 
3.48032 -0.627168 -1.84761 3.69919 -2.25272 1.82301 -0.316608 4.20532 1.42238 0.79289 0.889902 7.9813 
2.65833 0.495693 -2.22217 0.911703 1.25795 -0.639918 1.41882 4.54519 0.730527 -0.94414 4.50224 6.09821 
2.72547 1.22287 -2.11756 1.58739 3.46138 -2.55416 -1.33157 3.77048 0.610936 3.09576 3.80107 4.80753 
3.42075 1.21022 -4.19277 3.48782 5.61361 -3.94231 -1.80414 -1.12028 5.46483 -2.55042 0.988579 2.98008 
3.43889 0.906102 -5.92119 4.22148 5.70249 -4.67212 -1.2462 -4.75837 7.16881 -9.31305 1.64319 -0.711791 
2.72579 0.565344 -3.58799 1.72752 4.54279 -3.32845 -3.31345 0.0975846 2.06455 -3.06832 -3.20845 1.8172 
2.42337 0.457434 -2.82263 0.794335 3.00324 -2.34124 -3.44927 0.858908 2.03895 -3.17349 -1.81877 1.23154 
1.24969 -0.36627 2.99599 3.70089 20.7425 2.44512 -1.94833 13.768 6.44339 7.5083 3.04198 2.23568 
1.31943 -0.850332 3.31796 4.44155 21.1537 1.25523 -3.12328 14.0424 7.1686 9.853 3.12113 1.67203 
1.33113 -0.884406 3.21856 4.007 20.5479 0.401311 -1.49261 14.8984 5.96198 8.99395 2.51816 5.68484 
1.25987 -0.291709 2.5588 4.02957 19.3148 0.987903 1.76134 15.5507 4.18518 6.35255 0.708372 8.95425 
1.20775 -0.187672 2.14891 4.53963 18.3422 1.43152 2.43202 15.9878 4.40551 6.1653 -0.0602437 8.78278 
1.27156 0.819135 2.09071 4.02928 20.334 3.49184 5.90833 9.2765 3.05081 5.302 2.51754 14.1943 
1.29641 0.922377 2.774 3.72245 23.1141 4.87463 4.64083 8.05777 3.8657 9.23455 4.58896 11.7438 
1.32805 0.979053 2.97638 4.12359 23.7147 4.11415 4.69463 10.5645 6.47476 7.5423 0.708165 12.3896 
1.29158 0.878781 2.3417 3.90218 21.8565 4.63826 5.38747 10.9656 5.09746 5.9899 -0.224795 12.7261 
1.32407 0.9159 1.53895 5.35115 18.6936 5.9367 5.23473 11.0004 5.62334 4.67506 0.887975 11.5643 
1.21974 0.388326 1.77761 0.375296 22.2271 3.83348 3.1028 11.3531 4.60186 2.85448 1.03856 9.45378 
1.32962 0.120832 1.86647 -0.464522 22.8762 3.20346 2.36617 11.6677 3.67615 4.58947 1.54375 11.5289 
1.3656 -0.0819888 1.98278 -0.735578 22.8726 3.39797 1.5798 12.5111 2.45729 4.95284 3.03737 11.292 
1.33743 -0.0597519 1.47142 -0.562744 21.7058 3.90438 2.14792 13.1241 3.65074 2.86175 3.64581 9.49605 
1.29821 0.11672 0.961009 -0.0351872 20.8462 4.31143 2.84687 12.5564 4.67573 1.40078 4.45698 8.64053 
1.23293 0.252109 2.25073 -0.422457 21.7679 3.15152 3.25 12.3642 2.84502 8.4101 1.6042 8.20798 
1.30754 0.207154 2.3987 -0.865652 21.9488 2.98857 2.79248 13.3006 3.22438 7.4222 0.922135 8.63187 
1.40529 0.0278109 3.01916 -1.34538 22.6296 3.47508 0.772502 14.0831 3.0658 6.11035 2.92345 9.42175 
1.27054 0.153368 2.87651 -0.316846 22.1025 3.17528 2.13406 13.8242 3.55015 5.99885 1.52696 9.13597 
1.17209 0.145495 2.72625 0.289341 21.4379 2.54575 2.63077 13.265 4.72139 5.6845 1.56013 9.71614 
1.21724 0.450294 2.26657 -1.43861 17.5698 3.524 4.8961 17.2428 9.72989 1.52788 -5.19329 2.84412 
1.26815 0.338712 2.37272 -2.3398 18.4433 3.59847 4.5966 17.2615 9.35117 1.75672 -5.10704 3.57659 
1.34691 0.167391 2.5561 -3.31226 19.1664 3.89842 3.71595 17.9602 8.56351 2.35348 -4.80306 3.37085 
1.29283 0.255419 2.45155 -2.63039 18.2176 4.28943 4.06315 17.5065 9.26402 1.59164 -3.97407 2.32034 
1.21129 0.406089 2.60415 -2.32115 17.7393 4.04391 4.7708 17.7303 8.92105 2.2818 -5.37264 1.95092 
1.91063 2.36269 3.67627 8.64878 9.34716 0.818618 -2.8482 2.32484 3.68611 -6.4232 -4.52396 -2.41112 
2.24363 2.71953 3.93392 8.80528 8.55431 -0.998327 -3.80942 1.72604 2.17313 -6.67315 -8.27154 -3.13888 
2.63431 3.0699 4.22706 9.85756 8.41814 -4.06384 -5.3967 0.847595 -1.50796 -4.98625 -9.78667 -2.04998 
2.11625 3.37134 5.21251 7.88085 5.4484 -2.45557 -4.89418 -1.89319 -2.34764 -7.7892 -7.20462 -3.23977 
1.8005 2.94259 4.92726 7.62116 5.5183 -1.82677 -5.16145 -3.44903 -2.95915 -7.2272 -6.96892 -4.62722 
1.79285 2.18289 3.04912 8.08436 12.0347 5.4813 -1.40329 0.752383 5.63107 -0.676835 -1.24752 -6.39237 
2.11831 2.23171 2.09052 7.82642 14.6845 7.70407 -2.07724 -0.205691 6.24112 -4.16949 -1.69335 -6.69518 
2.26745 2.32044 1.72535 7.80575 16.2515 9.55236 -1.10844 0.12738 5.94044 -5.4627 -2.0306 -5.59114 
2.07375 2.30872 2.57201 8.49163 14.3614 6.69561 -2.37704 0.292893 6.3352 -4.32471 -2.41352 -7.10772 
1.79482 2.32656 3.45458 8.35673 11.5851 4.96868 -1.3397 0.995498 5.17066 -1.83972 -1.56197 -6.05016 
1.86711 2.52036 3.79073 7.52505 12.5954 3.47384 -3.5787 1.693 -1.60343 -7.0333 -2.0723 -7.1747 
2.08167 2.5494 3.44811 8.06196 13.7799 3.86709 -5.2991 -0.373045 0.52807 -5.9061 -5.80294 -10.5643 
2.1303 2.5803 3.63855 8.75355 13.3011 4.05258 -5.2901 -1.47413 2.42225 -4.82601 -7.03511 -11.6427 
2.0474 2.52835 4.06165 10.1734 12.4754 2.26147 -5.21027 -1.46956 3.96781 -2.91732 -9.86474 -12.4247 
1.80585 2.32602 4.03311 9.83694 11.8035 2.85393 -3.72003 -0.691238 4.18431 -1.63836 -5.91959 -9.85168 
1.93273 2.41428 3.4717 8.65258 11.8357 3.18443 -2.21601 1.62264 3.61473 -5.6998 -2.26819 -3.35302 
2.20797 2.43147 3.19853 9.33963 13.9277 2.31112 -3.23315 1.18113 2.60857 -4.78199 -7.06406 -5.22252 
2.56179 2.36403 2.9593 8.71927 18.3637 -3.47813 -3.88213 4.35956 -5.969 2.13371 -14.4837 -2.10498 
2.38188 2.49183 3.3199 7.942 17.1841 -3.39051 -2.52467 5.91937 -7.03466 -0.92804 -15.1952 -1.71318 
1.79496 2.47817 4.24462 8.6025 10.89 -0.458916 -2.33382 3.90773 -1.227 -8.143 -5.34489 -3.68876 
1.75368 2.54111 4.42613 9.1611 10.7001 2.96881 -2.35349 -0.684945 2.6369 -1.52664 -5.05856 -8.39885 
2.16117 2.32916 3.20187 9.6203 13.3765 3.82382 -3.19042 -1.12513 1.91998 -5.65825 -6.35197 -8.29216 
2.29575 2.27767 2.92715 9.94158 14.4299 4.0581 -3.8998 -1.76381 2.43048 -4.88719 -8.16844 -9.93855 
2.12228 2.37744 3.79602 10.6371 13.2709 2.21445 -4.08 -0.408537 2.29958 -4.30313 -9.25389 -10.4603 
1.81336 2.5242 4.36164 9.46865 10.7057 2.77721 -2.36472 -0.175231 1.2321 -5.16235 -4.39972 -7.48952 
1.34498 2.49581 4.53053 7.01593 8.74481 8.65311 8.30655 9.02728 9.1132 8.1044 6.1427 8.08183 
1.37439 2.58087 4.71244 7.31767 9.11977 9.00035 8.58832 9.30973 9.35823 8.4267 6.73182 8.38238 
1.40361 2.66764 4.89609 7.61163 9.45259 9.24926 8.7263 9.34147 9.37369 8.60815 7.48793 8.48431 
1.48034 2.87398 5.30279 8.18367 9.98414 9.51711 8.67655 8.98418 8.92454 8.67935 9.25294 8.32741 
1.36238 2.54642 4.63538 7.19105 8.94653 8.82204 8.40078 9.03883 9.02777 7.98165 6.11122 7.86632 
1.41157 2.5834 4.95663 7.71161 9.67092 7.65919 7.38467 10.4958 8.47165 6.9863 6.90519 7.44841 
1.41784 2.59552 5.04546 7.78844 10.5201 8.03011 6.87612 10.9315 9.30964 8.22765 6.49006 7.68588 
1.54185 2.7153 5.56473 9.50756 12.7765 7.08825 4.51163 12.0446 12.0401 8.4649 6.44179 7.49507 
1.4858 2.64469 5.06438 8.57532 10.2117 7.58912 6.57795 9.93597 10.5417 7.29775 6.89903 7.62518 
1.40036 2.5588 4.67076 7.33608 8.63609 7.53201 7.00002 8.23548 8.27455 6.87485 6.6729 6.76844 
1.42499 2.51743 4.77594 8.05982 9.33109 7.2824 7.1414 10.0262 9.92704 6.4302 6.23801 7.53576 
1.47572 2.54038 5.01357 9.03101 10.056 6.62831 6.85382 11.6122 11.3033 5.31845 6.6537 8.5425 
1.60309 2.72076 5.55781 10.5781 11.3737 6.10357 5.93707 12.2529 11.9868 3.72746 7.82477 9.19819 
1.50559 2.66493 5.10887 8.92528 10.2944 7.6157 6.93918 10.1325 10.9384 7.1118 6.97312 7.7933 
1.39704 2.5122 4.62128 7.55628 9.1241 7.95951 7.34418 9.01659 9.57545 7.303 5.39954 7.07588 
1.60676 2.69926 5.09319 9.32702 10.9699 3.36952 0.923102 6.12193 11.0871 7.0853 -1.86145 1.94407 
2.09565 3.72426 6.79343 10.2063 17.0645 -2.84306 -0.914595 6.3563 5.07822 10.7686 -13.4793 1.08863 
1.84179 3.31959 6.80439 10.0783 15.7891 -1.47848 -0.319287 8.81265 3.73754 11.8084 -11.7526 0.89867 
1.5785 2.74337 5.43623 8.97767 12.9115 1.61121 1.91309 9.00187 7.03349 10.1846 -3.54603 2.90805 
1.61973 2.75277 5.28208 8.9472 12.0414 2.55209 1.99362 8.44546 7.82649 7.2801 -1.17635 2.73009 
1.37149 2.51929 4.52075 6.93278 8.31261 7.70367 7.09825 7.77127 7.91276 6.98975 5.96943 6.44386 
1.58962 3.10398 5.70809 8.73141 10.0552 8.56284 7.13297 7.14856 6.86448 6.33505 7.97026 5.26604 
1.67452 3.33444 6.12988 9.21979 10.4347 8.61271 6.72945 6.17529 5.56555 5.1826 7.06031 3.57842 
1.87099 3.81456 6.97459 10.3157 11.4225 9.00786 6.56893 6.13922 6.03607 5.76625 4.57195 2.39232 
1.38435 2.5669 4.56991 6.86023 8.17545 7.62595 6.89447 7.20172 7.27352 6.9343 6.52198 6.23621 
